-0.1851338888968712
0.257045746343465
0.7842542668072383
0.2397861189933792
-0.011724768739895808
0.1292051351470036
0.3545422734987369
0.21022747749839255
0.35690369119265597
0.24171487314106344
0.03832849002947114
0.22721179957443383
-0.05499113697169378
0.0023888876626187994
0.06502667366703463
0.0704154219533848
0.0066727963144330715
-0.20817552992866695
-0.2587823424960334
-0.3008927263977057
-0.10868007261706225
-0.02013060827721347
0.1596231482380972
-0.0036630429463002656
-0.18208989325785296
0.00021710632154281484
0.10907066930485598
-0.18299281865665762
-0.348058117333494
-0.3772521379914906
-0.2621052221343234
0.152935219068695
-0.1437931866348663
0.14125234143875787
0.10529050060767986
0.13934409440707896
0.17687696287111976
0.17224018307615552
0.2207964031526899
0.27611502257514076
0.12341520255176874
0.1782337499548703
0.14678146961841776
0.17641852484757692
0.17858088227740154
0.07238638685294063
0.1525700605725433
0.13962220209577936
0.08958271778283233
0.061068769264238654
0.1226393594606634
0.055255966674394585
0.046338186405137094
0.1380534818963497
0.014699317387112387
0.19555974315608182
0.16675156568908278
0.019939419121328683
0.15962833589355796
-0.015622601790710178
0.21295389431088552
0.12718756245249097
0.329644900580206
0.49135216756894806
0.5197105109346012
0.5227747298249596
0.5880133618347827
0.6698172492178855
0.6592328295937477
0.6835577444917362
0.6683964021704014
0.7199594177336621
0.7195674274271369
0.7285025283408686
0.806518752096963
0.8586894455675065
0.8987495813471469
0.9185547374954695
0.947525257572579
1.0045520550761466
1.0263626373443913
1.0044824738997704
1.0753035999755411
1.094170041938014
1.119420258203263
1.1863953811257488
1.282556720627781
1.2523778666263752
1.3703070351766655
1.3755884653164685
1.4974216229575177
1.544195306223628
1.531748574939229
1.6933135678755207
1.6075903999194452
1.7052862157811433
1.6858180848089432
1.6552490670960651
1.8848280792781225
1.9136655017518933
2.0399324433242327
2.006942636342046
1.8997510575673004
1.9749167271129409
1.9006811160579673
1.9787711611797931
2.008366205848233
1.9421869631969457
1.9682559673356081
1.9637856114059105
1.9142875395573355
1.9224672575319346
1.8928064812712364
1.724073552986738
1.7881010461223923
1.65140135314914
1.6175552982645058
1.721960393831523
1.7244340284378268
1.707136429934053
1.4001189617829368
-84.54019623806062
-0.0024950763076958538
0.04852527865750744
0.27812735752377193
0.06554771938453996
-0.37549423091149947
-0.1144383847190511
-0.08789784127429812
0.09531907717246213
0.3119735897712417
-0.19909175809971202
-0.15564967867476298
-0.14286399284628715
-0.11241852497505533
0.361510580387403
0.29957058023910577
0.26696293476788924
-0.13818117897699267
0.03302420345789869
0.09983063740719444
0.0028986241204620455
0.08932800579941613
0.17379048787233842
0.25438832756208285
0.2913484475129735
0.08737342976701257
-0.19807205067081668
0.1485886029968242
0.08778656945196417
0.11739681970084348
0.28493859316540693
0.2589474508454259
0.08469755454143524
0.2054309058621584
0.3598758301336602
0.2963276521541047
0.28885088936476677
0.002737163993060676
0.1965704479289343
0.22224001780841718
0.2824878768592498
0.2297568913604664
0.42196127984652776
0.5806081254831952
0.7796739937248276
0.9863227586038192
1.024273739471937
1.172643991003497
1.25204552799687
1.412961469407037
1.4280545547080692
1.512935199673393
1.6581142388986336
1.7007546891363745
1.677095725176514
1.8415867071212233
1.8205848924367274
1.879227862366406
2.1302258113337302
2.3883193584538276
2.3723568800051
2.2731713427106115
2.3299850743796924
2.1692693350814807
2.1536019307518472
2.0299540097994395
2.157264058041619
1.8501188017921777
1.8533964349671805
1.870973957068145
2.140670448000037
2.3161791161783185
2.305766110100649
1.9043753977712186
2.0050565406791065
2.0709431003865575
2.03910843340509
2.328020131744779
2.248056099620044
1.7783225096650312
1.796542509396204
1.7194493977626735
1.5836860872127545
1.5201995570009785
1.5260054098007458
-80.30941242827794
-0.5399131620492881
-0.267626295340051
0.05615540819690068
0.03807052837601077
-0.23247233667689216
-0.4455609395222382
-0.13343696926995108
-0.05489404221634686
-0.374201984834599
-0.10388896807853598
0.23503760100993532
-0.35433600698979717
-0.10359057087043766
0.0522141735018522
-0.03718920181654539
0.07462650894467515
-0.08780076240100243
-0.31110679536823227
-0.07487015349170179
-0.04478078957390608
0.05001079379098883
0.16743225125992467
0.29304681474968675
0.20269612384709035
0.14860425874303473
0.19066472922304456
0.39322238546901644
0.4067312542701984
0.5248103387771152
0.7073212923387473
0.7937865840176528
0.7823242698236754
0.8969838037273803
0.8520681630784566
0.866767402089863
1.0516775158293967
1.105859639051232
1.0479406059175744
1.1582872525195853
1.1444063670069227
1.1399172913343136
1.1243587346029926
1.150234235149128
1.0987736656943525
1.251982986332223
1.2864968549706646
1.3177643276890194
1.3782183052171604
1.415970305299652
1.4342068380301498
1.322221583393457
1.6867432851540798
1.672279529577736
1.4770935997830748
1.6911645847017098
1.4502069466288958
1.538508880662448
1.4912185125695032
1.7494528036422707
2.065994837812468
1.586901881466929
1.59576575980509
1.7551250023188913
1.882870321799146
1.7677711657483997
1.4854402717787707
1.6851948137741601
1.8262109046986552
1.920890485655491
1.692127409648947
1.908364489838732
1.9010935502819848
1.9658240591752474
1.9489755567974498
2.118305337705806
2.1956940584232143
2.522896281152498
1.9827446856083952
1.7503642373981165
1.2843233361309103
1.4205392525127536
-77.01530805702532
-0.016010715364700445
0.18598046780198274
0.29924364823727956
0.4061773512376021
0.5822524066047663
0.3445835571369571
0.18105502567777876
-0.18021690191289963
-0.33373632384154917
-0.18335375132210174
-0.2492044935024751
-0.5747374212091927
-0.7570645442115165
-0.7713952145536496
-0.3114896776310161
-0.054003983552775026
-0.21386348469150107
-0.02153872023882286
-0.15544789714567742
-0.17251555278789965
-0.0986585649798144
0.15466887194861556
-0.17619123660779223
-0.05317416280377074
0.04817704054858041
0.019077496733643784
0.04725487410723872
0.07134163633963908
0.2655352377132658
0.038952926854562975
0.2225695960532903
0.4495281614936175
0.6122586922856499
0.7126206327825457
0.7852217333493172
0.7513144117410775
0.8850081699051771
0.95527870174692
0.9695704171008401
1.0154901351825174
1.1153309039400483
1.0945341152705623
1.1716411523138959
1.1946518479703627
1.498317522191428
1.213673307154295
1.1082932949761926
1.2026647276002222
1.4194440743835912
1.380825787532558
1.3793958814176221
1.4973236032915338
1.6174312262137391
1.5800847022660491
1.5624590368247482
1.4855903346074228
1.727309645684727
1.7950253956769302
1.9724594785316185
1.9964145172707504
2.099625936125449
1.7716888508061857
1.778174364494589
1.7461718416484473
1.8104368407762195
1.72124702352221
1.8360527898721557
1.897338545211369
1.9472135521937162
2.0911576072535354
1.8138956108828097
1.8117235122758757
1.7427171379949868
1.8842487990923473
1.91701355230407
1.5807147566874846
1.1288322505720316
-65.27168207305749
-0.02454746638704819
0.3351681531626127
-0.24493579028330714
-0.11112454066051214
0.1365414257975317
0.39141070539017164
0.20612915160427292
0.13376953075976417
0.2876305951417635
0.45889816428825725
0.5274465621596391
0.29613310531431125
-0.12815955622045294
0.04284872732114309
-0.332130463800695
-0.28516742319197874
-0.29846212430584274
-0.4439147769289775
-0.06080956324012732
0.22117977307516412
0.22071836973509562
0.1175761380068252
-0.11232905118276904
0.10319915480749842
-0.021196634099851508
0.0951989884924842
0.2642177178131533
0.37682234273006543
0.43828229937616925
0.3926463927882651
0.33173924157381407
0.27677782294404096
0.36366894514685555
0.3897372732808435
0.33563334502559883
0.5660001536625714
0.7160458294151795
0.9755551375633331
1.1549724426231478
1.2880736161719142
1.3993114622735447
1.5973889695032994
1.573226540961059
1.5895870177132565
1.770704655029931
1.9002937873096926
1.8905298899994705
1.866173164785323
1.8127834853657987
1.9499161174849178
1.8329024503145774
1.8770277600310692
2.1023762218192132
2.1479752076970726
1.955748457419304
2.3341908314023385
2.2048788890856486
2.0935684408982524
2.0265259407324265
2.111269753720535
2.1510388002639047
1.9391823886962811
1.9760511666504499
1.9446120552061075
1.966814125705696
1.8502851069683857
1.8004063697503625
1.714380164639806
1.4291358171249158
-64.18952875342256
0.09945170238552237
0.026282306907887687
-0.5668019063705287
-0.5470777805385296
-0.09767390830575096
-0.24349618440737686
-0.4169639713381912
-0.5559668592240996
-0.4584553336258068
0.04905870099491949
0.012213886031986476
-0.15562912598170442
-0.07559695159216062
-0.02480220416600787
-0.07845761874705204
-0.28633276642722194
-0.08412269996824762
-0.33831985772394546
-0.14782664753738572
-0.06542006043446236
-0.15086006766296123
-0.07697192935438579
0.029105111366334313
0.14610654274065382
0.10055361368586091
0.19906153521560555
0.04125354488451194
0.12092277754618408
0.014782668051793735
-0.054369336089621356
0.1601632361484917
0.13277422774535808
0.15607120502636462
0.22215454372371823
0.3311568288836497
0.3374199381141807
0.4195438236024529
0.44110968919994775
0.49631704501962304
0.46136603174318225
0.5320286364167259
0.6026153782158872
0.6427682095591081
0.6892474612982369
0.703347264857257
0.7740992014305448
0.8673271807538185
0.631482122230409
0.6763361803791668
0.7626793833537704
0.9810134757003652
0.9696999578181931
1.0374270685588272
0.9614626446136754
0.9739257219848696
1.05267642589979
1.0101253001266741
0.8889439970744206
0.989769222474024
1.0339056618249742
0.9945116682047228
1.0752445222351525
1.0674696283331286
1.2815916406111683
1.2973842316455375
1.1598496898841404
1.2893075032479828
1.2256921762400452
1.016730138269395
1.2390826486694095
1.3752327210909243
1.3582577051010958
1.265253567646596
1.080680251106969
1.2139064816665268
1.4562963276148366
1.14701591744506
1.3476507660584502
1.4853382784281166
1.7329317325788907
1.4885757848560388
1.5470147407768309
1.5558092866626794
1.7242513584164953
1.4848503177745442
1.7418222192645771
1.5911686232470856
1.5264479520624263
1.608986971405102
1.8387448628459424
1.8632078127552631
2.153379119795318
2.198572828297074
1.724725960343676
1.8126384333754686
1.8849673906174758
1.700541197385519
1.3326518285452948
1.2803727493178485
1.389843942445168
1.4288223788298637
1.2612548930519552
1.1403429895608497
1.0702409276063918
1.0063842034924164
1.0766310819803948
1.0468574138485565
-82.94113910873193
-0.2678698417071246
0.039191143287098384
-0.2595104390252345
-0.08982045670791194
-0.32323297260745676
-0.4887353638650893
-0.33519752903430344
-0.7073200958416237
-0.6320451017586493
-0.26632148071712436
-0.230879136142903
-0.23886783351372287
-0.36411720794831126
-0.2465269909635026
-0.1238328394151722
-0.1552932645722649
-0.11570904384825553
-0.08867829242262815
0.01325546162433966
-0.008188465051262028
0.03012444041132767
0.07351960330197471
0.2949969551650611
0.37779162206561523
0.41727752949327623
0.5068660279448522
0.6090612323191635
0.5439144567162657
0.5895454632081965
0.7062129489554536
0.6590604319967497
0.6845336675269209
0.787891388222306
0.6765211924857795
0.7882681211867748
0.8316328871046608
0.8698421769054221
0.889045063672711
0.942543223334269
1.0918442516299365
1.1697909076247015
1.2439052280114993
1.2686993741567676
1.2096514935706182
1.190116846669298
1.3624456824686604
1.3575417251558974
1.2839354092420763
1.311690872694271
1.235025220796615
1.4273773748413987
1.4066637929431636
1.5050783351057362
1.3833904874559266
1.4906634391081752
1.4190229910809649
1.4798605920191221
1.6370685556807985
1.6862709942870424
1.7025481017412858
1.7854046841989657
1.852086606947978
1.9341626701134373
1.7522010905736352
1.884508660270967
2.1841014217784505
2.096533957308111
2.138836548749623
2.22632598488417
2.6020172998755697
2.13497131890108
1.7241078459164783
1.815248838045136
2.055224333469141
1.998311258614649
2.1129652561967305
1.8235385265484183
2.1748795950429667
2.322365193265341
1.8726020041640368
1.6786051029384907
1.597412757848815
1.292417653235134
-80.31036896695696
0.2107302078002249
0.03191352167277728
0.10538427425217378
0.01950155209442528
0.452028083316236
0.4007122138204977
-0.05082709212729242
0.19741288087971043
0.3478139232470312
0.07128630471697761
-0.21598024701461327
-0.2228117893992021
-0.29222080335102874
-0.4651394194297609
-0.07083965492711286
-0.3434518564404243
-0.07578045068612482
0.07767223307837412
-0.08259482378889516
0.165660707546067
0.18903704296917567
0.20775048634504856
0.14820947150155916
0.34017206889984664
0.5306876804070271
0.3033343257357046
0.24569870606683253
0.2271945628422145
0.235347792840912
0.34064158612636675
0.214016486768287
0.25244856019526196
0.18246167085180787
0.13351998530879428
0.09670213082699775
0.162512893064104
0.2136422747639699
0.4127006883663853
0.4088228775799507
0.4395564370724969
0.5704541486011294
0.4061260423782187
0.526772185912705
0.777111408865494
0.31924399024774175
0.5772145508558424
0.8343387526792867
0.8809820550254699
1.149875864450678
1.4447467928334845
1.4479422811177756
1.6671894133651222
1.8622372724848901
1.6823963874685433
1.5817094977705892
1.7320532892654228
1.3964416146563963
1.5645095521108487
1.6986317461260114
1.688386035266376
1.6898584000614392
1.691650482462137
1.7441329692360341
1.9399902880763875
1.9921387146837333
1.9333177224211795
2.0344923996844955
1.916833578513888
2.165652485780356
2.358111284206643
2.517041561713995
2.360120393007037
2.0872200544431507
2.2006846719932582
1.7578100468426783
1.5987022051263011
1.2345770091087616
1.4572127206633922
1.690933466795741
1.5868785754946657
1.7709859018054885
1.9381451295544139
1.6198006083641303
1.7046153621436133
1.8349154134853052
1.8123463704000642
1.7438523121654725
1.4928232922557072
1.2531124087786338
1.2662891459854109
-83.74753535052832
0.12560770504705943
0.06420552755344033
-0.1851859681210044
-0.5712373353617295
-0.4200546693596152
-0.6577477647510932
-0.2281095420357815
-0.4775585754259737
-0.28990832788622356
0.027028473948575993
-0.17137359474190816
0.03249069623052492
-0.170807703113951
-0.22704632441445938
-0.3062143885472324
-0.07399389645570409
0.05396646387225701
-0.03576143462851178
-0.0285158778638106
0.12705023763146528
0.1644468116637654
0.15836291789810275
0.2839973726054268
0.23053727544493086
0.3616208987864411
0.265382073314413
0.2976505439050925
0.37206936394795775
0.20576755800902902
0.350270188948798
0.4909828381528314
0.4565437673250017
0.341931986849886
0.4841103302396732
0.4959604008263341
0.6066488593887698
0.5108179071271479
0.6194922718464113
0.5555721067594277
0.5916028153478692
0.6184596744901683
0.6394436203208897
0.6741913843484326
0.9158932357877347
0.6991024872490925
0.8350497642936716
0.8544056992377591
0.8620034473437954
0.8587320117271702
0.8510324198027774
0.8776374520152785
0.8824168454907522
1.075180276404808
1.1761238801341278
1.197191250241758
1.1998141281310382
1.2077080920562366
1.2403913986418047
1.2199743967471477
1.2777902718653422
1.2597249497957819
1.3427220129983652
1.4026020029177744
1.5053503901981458
1.5451046034627325
1.9558373082077196
1.8035382443713388
1.5423509848460526
1.7436404138152284
1.7946524023614074
1.8275418993084713
1.9218184078567901
1.8402699201260475
1.8881325420011308
1.8217536196743822
1.8934008999622165
1.9477726209174762
2.2297456480259825
2.009441637449072
1.7819184225118079
1.7694116935217608
1.8270525903062662
1.6564526446472883
1.4589513347118555
1.3356956467646341
1.211725040309375
1.0361023890823162
-68.94585399644484
0.05233645041471391
0.15284010618188404
-0.06648606799899426
-0.13365748619662554
-0.34184472485776496
-0.21160668658239956
0.05858826085614055
-0.10602088925679709
-0.08041504371476549
0.03205671589512349
0.02023913330049254
0.4935772992098464
0.39894452356747934
0.2487342551603433
-0.15651131782306038
0.016679829400345625
0.3429357400477784
0.154635011983828
0.10117986911382104
0.02443142000174703
0.26992632954261353
0.40688825341703705
0.3656012937995001
0.3033335903523948
0.32393307691336304
0.3812134536474332
0.2975851604787749
0.30575087232591613
0.32741121420940544
0.26157512078270884
0.28752074615567835
0.259013951392717
0.21656749212297655
0.3134747060244081
0.17740688590492937
0.31682730100328627
0.14853581062652665
0.21630156901437658
0.3475101807680403
0.12099277681727472
0.14973051921742808
0.32234556941830306
0.3771037193018856
0.5601527397402606
0.36340665849365905
0.42348627815727014
0.43957843611224234
0.48584722745772524
0.5386614192843808
0.8228852096294759
0.9643387840128526
1.0632927363758427
1.172679830585821
1.1930359656048495
1.3241090726751281
1.4659356926927103
1.440782668544216
1.6274050735091805
1.5878350873663294
1.5426715568537475
1.5603761109787229
1.8082914131241523
1.8762599628644239
1.7213396546480908
1.9025241556846595
1.9525209356061168
2.2495706391509884
2.184182768996834
2.0640616986383975
1.9516406474167525
1.745522158125823
1.869344640294912
1.6268104430423591
1.8775362921928718
2.3084619350925095
2.4901045474848615
1.9850050597938207
2.124332732239509
2.548354200700942
2.551197871457589
2.3277099099232146
2.3292058089964485
2.3613640320263585
2.268424336057251
1.915672743803043
1.8022492492491438
1.640585567963626
1.514893367948389
1.3377727912825321
1.5305577504818757
1.2361338982373127
-85.17529775253934
0.291999985165603
0.4060236897885261
0.09119235871821729
-0.08556565550179585
-0.2929313788854415
0.13028891380599816
0.06346106436012633
-0.13921940649197495
0.055912382924816484
0.17485382107906844
-0.05246264465768036
-0.2543632304877974
-0.4294894002214278
-0.20157721327223044
-0.13011142682444188
0.16258328777212228
-0.12225849505966835
0.08927731323638
0.2665767845996925
0.14252594495474114
0.11894994297563244
0.00947382893627946
0.12015181673632469
-0.06150081295572818
0.034059328379498766
0.0027493780748955032
0.07240926765916811
0.13461933691587546
0.10501022979951813
0.12679527529826373
0.08413312796164973
0.039863780534687976
-0.10925052181391948
0.05977907852638964
-0.12068585250517572
-0.1345250575582213
-0.1502485586684088
-0.1634192372648613
-0.24771925567392827
-0.2853941232501711
-0.3100483298680956
-0.3440540672386305
-0.3488329461220019
-0.5243591821226801
-0.6374673365712624
-0.4789930885067406
-0.4800235388756846
-0.35113480561221877
-0.4356884493972757
-0.5038046360709814
-0.4418111939799019
-0.5214124869894476
-0.576169588691755
-0.47195673881788025
-0.5167510755995863
-0.46548867866249566
-0.5393002187361162
-0.48806357085595664
-0.43681826754209396
-0.37038256360801824
-0.4008640187748824
-0.38506241158984267
-0.4170684829773563
-0.3905951238380112
-0.39082704482780173
-0.29789371808419673
-0.25355060058700474
-0.23670186085382738
-0.23811143609009378
-0.24296422545830865
-0.248700949657632
-0.25878170149553625
-0.26135933886735074
-0.26989155331875736
-0.24061266664148206
-0.3185193709896339
-0.277211006368816
-0.30176856760135706
-0.29042219970278893
-0.2956252895160105
-0.3010526760022003
-0.305445798232995
-0.32685367839349055
-0.3291819384116934
-0.3411135202100013
-0.34633472613450067
-0.3528207143176587
-0.36133872749815055
-0.36683408457065525
-0.3659805219285772
-0.38357597559297574
-0.37190195050698094
-0.3857487441905505
-0.4036959890527214
-0.41384045833865457
-0.4001751117925778
-0.4461122007569429
-0.4386989837030342
-0.4504818836949198
-0.4469489866778531
-0.4536755376648216
-0.4563273788562583
-0.4630845994029187
-0.4741353455415265
-0.48830397472556797
-0.49801404301206276
-0.5017219292199115
-0.5073543371736378
-0.5156726193831673
-0.5159001474453362
-0.5114659857895276
-0.5159532466336714
-0.5150004764459482
-0.5153459829784879
-0.5249369101534285
-0.5142122726510934
-0.5204102531479293
-0.5345417787339102
-0.5109429366257245
-0.5254998593159144
-0.4732488192871642
-0.42224212885457746
-0.4241519822699047
-0.4122936929206844
-0.4080705226670034
-0.3787432602280205
-0.3864855180268023
-0.4111147743742549
-0.42322557518446047
-0.34366902942792876
-0.047873392270503246
37.18887964441819
-0.2857509448517703
0.03144125896596961
0.0910688083081368
-0.30405396588548683
-0.21628671904636576
-0.06817623708457177
-0.13217077051876913
0.1696364245276527
-0.20399855764026142
-0.14551617746292322
-0.15396199269162025
-0.07837167792104083
-0.06389468680936261
-0.26975440672458717
-0.3968241120787752
-0.20012213102518217
-0.10023532477134722
0.19332019689954905
-0.02144260565728473
0.15176107029901686
0.13544836783694336
0.27538215550748646
0.20665336920728805
0.2638907204982388
0.3007207569567072
0.3186292407121982
0.27419985877941144
0.4084216377350458
0.3372950853417933
0.23567429433342113
0.3461936041730951
0.32295116570821847
0.5043502914304554
0.6065320876928126
0.7570687420184186
0.6497492165635776
0.8761624186149675
0.893712792117185
0.8073078295524283
0.9905465172778349
0.9678216457814415
1.018290727040494
0.9884586338671397
1.0369617667038256
0.9998904052508806
1.2979528990058498
1.1330864504429883
1.2184070112880363
1.3908185997365763
1.3557096481690678
1.2054905282525397
1.4969976324891832
1.412605620771501
1.4985863458605309
1.6151221302720842
1.4961872536673582
1.5022021022559784
1.6011099088132141
1.7222427787714878
1.730618077147028
1.5664454075590584
1.6529740464648057
1.769138990277952
1.7939696260214077
1.8403684058171166
1.7864958926338659
1.9401491590087971
1.7458457223369805
1.5733563649405369
1.8612709039416586
1.840782600845614
1.8710326428617918
2.00754991174108
1.6993400158526129
1.8761199040682186
2.18851891443137
1.9141369229259908
1.6474542848527562
1.933330680265044
1.7161861152089841
1.9056602627870234
2.0601897839924277
1.5854569456791978
1.5711515150087507
1.8617747465441425
1.3055027881819115

